3998.423
3997.138
3995.852
3994.566
3993.281
3991.995
3990.709
3989.424
3988.138
3986.852
3985.567
3984.281
3982.995
3981.710
3980.424
3979.138
3977.853
3976.567
3975.281
3973.996
3972.710
3971.424
3970.139
3968.853
3967.567
3966.282
3964.996
3963.710
3962.425
3961.139
3959.853
3958.568
3957.282
3955.996
3954.711
3953.425
3952.139
3950.854
3949.568
3948.282
3946.997
3945.711
3944.425
3943.140
3941.854
3940.568
3939.283
3937.997
3936.711
3935.426
3934.140
3932.854
3931.569
3930.283
3928.997
3927.712
3926.426
3925.140
3923.855
3922.569
3921.283
3919.998
3918.712
3917.426
3916.141
3914.855
3913.569
3912.284
3910.998
3909.712
3908.427
3907.141
3905.855
3904.570
3903.284
3901.998
3900.713
3899.427
3898.141
3896.856
3895.570
3894.284
3892.999
3891.713
3890.427
3889.142
3887.856
3886.570
3885.285
3883.999
3882.713
3881.428
3880.142
3878.856
3877.571
3876.285
3874.999
3873.714
3872.428
3871.142
3869.857
3868.571
3867.285
3866.000
3864.714
3863.428
3862.143
3860.857
3859.571
3858.286
3857.000
3855.714
3854.429
3853.143
3851.857
3850.572
3849.286
3848.000
3846.715
3845.429
3844.143
3842.858
3841.572
3840.286
3839.001
3837.715
3836.429
3835.144
3833.858
3832.572
3831.287
3830.001
3828.715
3827.430
3826.144
3824.858
3823.573
3822.287
3821.001
3819.716
3818.430
3817.144
3815.859
3814.573
3813.287
3812.002
3810.716
3809.430
3808.145
3806.859
3805.573
3804.288
3803.002
3801.716
3800.431
3799.145
3797.859
3796.574
3795.288
3794.002
3792.717
3791.431
3790.145
3788.860
3787.574
3786.288
3785.003
3783.717
3782.431
3781.146
3779.860
3778.574
3777.289
3776.003
3774.717
3773.432
3772.146
3770.860
3769.575
3768.289
3767.003
3765.718
3764.432
3763.146
3761.861
3760.575
3759.289
3758.004
3756.718
3755.432
3754.147
3752.861
3751.575
3750.290
3749.004
3747.718
3746.433
3745.147
3743.861
3742.576
3741.290
3740.004
3738.719
3737.433
3736.147
3734.862
3733.576
3732.290
3731.005
3729.719
3728.433
3727.148
3725.862
3724.576
3723.291
3722.005
3720.719
3719.434
3718.148
3716.862
3715.577
3714.291
3713.005
3711.720
3710.434
3709.148
3707.863
3706.577
3705.291
3704.006
3702.720
3701.434
3700.149
3698.863
3697.577
3696.292
3695.006
3693.720
3692.435
3691.149
3689.863
3688.578
3687.292
3686.006
3684.721
3683.435
3682.149
3680.864
3679.578
3678.292
3677.007
3675.721
3674.435
3673.150
3671.864
3670.578
3669.293
3668.007
3666.721
3665.436
3664.150
3662.864
3661.579
3660.293
3659.007
3657.722
3656.436
3655.150
3653.865
3652.579
3651.293
3650.008
3648.722
3647.436
3646.151
3644.865
3643.579
3642.294
3641.008
3639.722
3638.437
3637.151
3635.865
3634.580
3633.294
3632.008
3630.723
3629.437
3628.151
3626.866
3625.580
3624.294
3623.009
3621.723
3620.437
3619.152
3617.866
3616.580
3615.295
3614.009
3612.723
3611.438
3610.152
3608.866
3607.581
3606.295
3605.009
3603.724
3602.438
3601.152
3599.867
3598.581
3597.295
3596.010
3594.724
3593.438
3592.153
3590.867
3589.581
3588.296
3587.010
3585.724
3584.439
3583.153
3581.867
3580.582
3579.296
3578.010
3576.725
3575.439
3574.153
3572.868
3571.582
3570.296
3569.011
3567.725
3566.439
3565.154
3563.868
3562.582
3561.297
3560.011
3558.725
3557.440
3556.154
3554.868
3553.583
3552.297
3551.011
3549.726
3548.440
3547.154
3545.869
3544.583
3543.297
3542.012
3540.726
3539.440
3538.155
3536.869
3535.583
3534.298
3533.012
3531.726
3530.441
3529.155
3527.869
3526.584
3525.298
3524.012
3522.727
3521.441
3520.155
3518.870
3517.584
3516.298
3515.013
3513.727
3512.441
3511.156
3509.870
3508.584
3507.299
3506.013
3504.727
3503.442
3502.156
3500.870
3499.585
3498.299
3497.013
3495.728
3494.442
3493.156
3491.871
3490.585
3489.299
3488.014
3486.728
3485.442
3484.157
3482.871
3481.585
3480.300
3479.014
3477.728
3476.443
3475.157
3473.871
3472.586
3471.300
3470.014
3468.729
3467.443
3466.157
3464.872
3463.586
3462.300
3461.015
3459.729
3458.443
3457.158
3455.872
3454.586
3453.301
3452.015
3450.729
3449.444
3448.158
3446.872
3445.587
3444.301
3443.015
3441.730
3440.444
3439.158
3437.873
3436.587
3435.301
3434.016
3432.730
3431.444
3430.159
3428.873
3427.587
3426.302
3425.016
3423.730
3422.445
3421.159
3419.873
3418.588
3417.302
3416.016
3414.731
3413.445
3412.159
3410.874
3409.588
3408.302
3407.017
3405.731
3404.445
3403.160
3401.874
3400.588
3399.303
3398.017
3396.731
3395.446
3394.160
3392.874
3391.589
3390.303
3389.017
3387.732
3386.446
3385.160
3383.875
3382.589
3381.303
3380.018
3378.732
3377.446
3376.161
3374.875
3373.589
3372.304
3371.018
3369.732
3368.447
3367.161
3365.875
3364.590
3363.304
3362.018
3360.733
3359.447
3358.161
3356.876
3355.590
3354.304
3353.019
3351.733
3350.447
3349.162
3347.876
3346.590
3345.305
3344.019
3342.733
3341.448
3340.162
3338.876
3337.591
3336.305
3335.019
3333.734
3332.448
3331.162
3329.877
3328.591
3327.305
3326.020
3324.734
3323.448
3322.163
3320.877
3319.591
3318.306
3317.020
3315.734
3314.449
3313.163
3311.877
3310.592
3309.306
3308.020
3306.735
3305.449
3304.163
3302.878
3301.592
3300.306
3299.021
3297.735
3296.449
3295.164
3293.878
3292.592
3291.307
3290.021
3288.735
3287.450
3286.164
3284.878
3283.593
3282.307
3281.021
3279.736
3278.450
3277.164
3275.879
3274.593
3273.307
3272.022
3270.736
3269.450
3268.165
3266.879
3265.593
3264.308
3263.022
3261.736
3260.451
3259.165
3257.879
3256.594
3255.308
3254.022
3252.737
3251.451
3250.165
3248.880
3247.594
3246.308
3245.023
3243.737
3242.451
3241.166
3239.880
3238.594
3237.309
3236.023
3234.737
3233.452
3232.166
3230.880
3229.595
3228.309
3227.023
3225.738
3224.452
3223.166
3221.881
3220.595
3219.309
3218.024
3216.738
3215.452
3214.167
3212.881
3211.595
3210.310
3209.024
3207.738
3206.453
3205.167
3203.881
3202.596
3201.310
3200.024
3198.739
3197.453
3196.167
3194.882
3193.596
3192.310
3191.025
3189.739
3188.453
3187.168
3185.882
3184.596
3183.311
3182.025
3180.739
3179.454
3178.168
3176.882
3175.597
3174.311
3173.025
3171.740
3170.454
3169.168
3167.883
3166.597
3165.311
3164.026
3162.740
3161.454
3160.169
3158.883
3157.597
3156.312
3155.026
3153.740
3152.455
3151.169
3149.883
3148.598
3147.312
3146.026
3144.741
3143.455
3142.169
3140.884
3139.598
3138.312
3137.027
3135.741
3134.455
3133.170
3131.884
3130.598
3129.313
3128.027
3126.741
3125.456
3124.170
3122.884
3121.599
3120.313
3119.027
3117.742
3116.456
3115.170
3113.885
3112.599
3111.313
3110.028
3108.742
3107.456
3106.171
3104.885
3103.599
3102.314
3101.028
3099.742
3098.457
3097.171
3095.885
3094.600
3093.314
3092.028
3090.743
3089.457
3088.171
3086.886
3085.600
3084.314
3083.029
3081.743
3080.457
3079.172
3077.886
3076.600
3075.315
3074.029
3072.743
3071.458
3070.172
3068.886
3067.601
3066.315
3065.029
3063.744
3062.458
3061.172
3059.887
3058.601
3057.315
3056.030
3054.744
3053.458
3052.173
3050.887
3049.601
3048.316
3047.030
3045.744
3044.459
3043.173
3041.887
3040.602
3039.316
3038.030
3036.745
3035.459
3034.173
3032.888
3031.602
3030.316
3029.031
3027.745
3026.459
3025.174
3023.888
3022.602
3021.317
3020.031
3018.745
3017.460
3016.174
3014.888
3013.603
3012.317
3011.031
3009.746
3008.460
3007.174
3005.889
3004.603
3003.317
3002.032
3000.746
2999.460
2998.175
2996.889
2995.603
2994.318
2993.032
2991.746
2990.461
2989.175
2987.889
2986.604
2985.318
2984.032
2982.747
2981.461
2980.175
2978.890
2977.604
2976.318
2975.033
2973.747
2972.461
2971.176
2969.890
2968.604
2967.319
2966.033
2964.747
2963.462
2962.176
2960.890
2959.605
2958.319
2957.033
2955.748
2954.462
2953.176
2951.891
2950.605
2949.319
2948.034
2946.748
2945.462
2944.177
2942.891
2941.605
2940.320
2939.034
2937.748
2936.463
2935.177
2933.891
2932.606
2931.320
2930.034
2928.749
2927.463
2926.177
2924.892
2923.606
2922.320
2921.035
2919.749
2918.463
2917.178
2915.892
2914.606
2913.321
2912.035
2910.749
2909.464
2908.178
2906.892
2905.607
2904.321
2903.035
2901.750
2900.464
2899.178
2897.893
2896.607
2895.321
2894.036
2892.750
2891.464
2890.179
2888.893
2887.607
2886.322
2885.036
2883.750
2882.465
2881.179
2879.893
2878.608
2877.322
2876.036
2874.751
2873.465
2872.179
2870.894
2869.608
2868.322
2867.037
2865.751
2864.465
2863.180
2861.894
2860.608
2859.323
2858.037
2856.751
2855.466
2854.180
2852.894
2851.609
2850.323
2849.037
2847.752
2846.466
2845.180
2843.895
2842.609
2841.323
2840.038
2838.752
2837.466
2836.181
2834.895
2833.609
2832.324
2831.038
2829.752
2828.467
2827.181
2825.895
2824.610
2823.324
2822.038
2820.753
2819.467
2818.181
2816.896
2815.610
2814.324
2813.039
2811.753
2810.467
2809.182
2807.896
2806.610
2805.325
2804.039
2802.753
2801.468
2800.182
2798.896
2797.611
2796.325
2795.039
2793.754
2792.468
2791.182
2789.897
2788.611
2787.325
2786.040
2784.754
2783.468
2782.183
2780.897
2779.611
2778.326
2777.040
2775.754
2774.469
2773.183
2771.897
2770.612
2769.326
2768.040
2766.755
2765.469
2764.183
2762.898
2761.612
2760.326
2759.041
2757.755
2756.469
2755.184
2753.898
2752.612
2751.327
2750.041
2748.755
2747.470
2746.184
2744.898
2743.613
2742.327
2741.041
2739.756
2738.470
2737.184
2735.899
2734.613
2733.327
2732.042
2730.756
2729.470
2728.185
2726.899
2725.613
2724.328
2723.042
2721.756
2720.471
2719.185
2717.899
2716.614
2715.328
2714.042
2712.757
2711.471
2710.185
2708.900
2707.614
2706.328
2705.043
2703.757
2702.471
2701.186
2699.900
2698.614
2697.329
2696.043
2694.757
2693.472
2692.186
2690.900
2689.615
2688.329
2687.043
2685.758
2684.472
2683.186
2681.901
2680.615
2679.329
2678.044
2676.758
2675.472
2674.187
2672.901
2671.615
2670.330
2669.044
2667.758
2666.473
2665.187
2663.901
2662.616
2661.330
2660.044
2658.759
2657.473
2656.187
2654.902
2653.616
2652.330
2651.045
2649.759
2648.473
2647.188
2645.902
2644.616
2643.331
2642.045
2640.759
2639.474
2638.188
2636.902
2635.617
2634.331
2633.045
2631.760
2630.474
2629.188
2627.903
2626.617
2625.331
2624.046
2622.760
2621.474
2620.189
2618.903
2617.617
2616.332
2615.046
2613.760
2612.475
2611.189
2609.903
2608.618
2607.332
2606.046
2604.761
2603.475
2602.189
2600.904
2599.618
2598.332
2597.047
2595.761
2594.475
2593.190
2591.904
2590.618
2589.333
2588.047
2586.761
2585.476
2584.190
2582.904
2581.619
2580.333
2579.047
2577.762
2576.476
2575.190
2573.905
2572.619
2571.333
2570.048
2568.762
2567.476
2566.191
2564.905
2563.619
2562.334
2561.048
2559.762
2558.477
2557.191
2555.905
2554.620
2553.334
2552.048
2550.763
2549.477
2548.191
2546.906
2545.620
2544.334
2543.049
2541.763
2540.477
2539.192
2537.906
2536.620
2535.335
2534.049
2532.763
2531.478
2530.192
2528.906
2527.621
2526.335
2525.049
2523.764
2522.478
2521.192
2519.907
2518.621
2517.335
2516.050
2514.764
2513.478
2512.193
2510.907
2509.621
2508.336
2507.050
2505.764
2504.479
2503.193
2501.907
2500.622
2499.336
2498.050
2496.765
2495.479
2494.193
2492.908
2491.622
2490.336
2489.051
2487.765
2486.479
2485.194
2483.908
2482.622
2481.337
2480.051
2478.765
2477.480
2476.194
2474.908
2473.623
2472.337
2471.051
2469.766
2468.480
2467.194
2465.909
2464.623
2463.337
2462.052
2460.766
2459.480
2458.195
2456.909
2455.623
2454.338
2453.052
2451.766
2450.481
2449.195
2447.909
2446.624
2445.338
2444.052
2442.767
2441.481
2440.195
2438.910
2437.624
2436.338
2435.053
2433.767
2432.481
2431.196
2429.910
2428.624
2427.339
2426.053
2424.767
2423.482
2422.196
2420.910
2419.625
2418.339
2417.053
2415.768
2414.482
2413.196
2411.911
2410.625
2409.339
2408.054
2406.768
2405.482
2404.197
2402.911
2401.625
2400.340
2399.054
2397.768
2396.483
2395.197
2393.911
2392.626
2391.340
2390.054
2388.769
2387.483
2386.197
2384.912
2383.626
2382.340
2381.055
2379.769
2378.483
2377.198
2375.912
2374.626
2373.341
2372.055
2370.769
2369.484
2368.198
2366.912
2365.627
2364.341
2363.055
2361.770
2360.484
2359.198
2357.913
2356.627
2355.341
2354.056
2352.770
2351.484
2350.199
2348.913
2347.627
2346.342
2345.056
2343.770
2342.485
2341.199
2339.913
2338.628
2337.342
2336.056
2334.771
2333.485
2332.199
2330.914
2329.628
2328.342
2327.057
2325.771
2324.485
2323.200
2321.914
2320.628
2319.343
2318.057
2316.771
2315.486
2314.200
2312.914
2311.629
2310.343
2309.057
2307.772
2306.486
2305.200
2303.915
2302.629
2301.343
2300.058
2298.772
2297.486
2296.201
2294.915
2293.629
2292.344
2291.058
2289.772
2288.487
2287.201
2285.915
2284.630
2283.344
2282.058
2280.773
2279.487
2278.201
2276.916
2275.630
2274.344
2273.059
2271.773
2270.487
2269.202
2267.916
2266.630
2265.345
2264.059
2262.773
2261.488
2260.202
2258.916
2257.631
2256.345
2255.059
2253.774
2252.488
2251.202
2249.917
2248.631
2247.345
2246.060
2244.774
2243.488
2242.203
2240.917
2239.631
2238.346
2237.060
2235.774
2234.489
2233.203
2231.917
2230.632
2229.346
2228.060
2226.775
2225.489
2224.203
2222.918
2221.632
2220.346
2219.061
2217.775
2216.489
2215.204
2213.918
2212.632
2211.347
2210.061
2208.775
2207.490
2206.204
2204.918
2203.633
2202.347
2201.061
2199.776
2198.490
2197.204
2195.919
2194.633
2193.347
2192.062
2190.776
2189.490
2188.205
2186.919
2185.633
2184.348
2183.062
2181.776
2180.491
2179.205
2177.919
2176.634
2175.348
2174.062
2172.777
2171.491
2170.205
2168.920
2167.634
2166.348
2165.063
2163.777
2162.491
2161.206
2159.920
2158.634
2157.349
2156.063
2154.777
2153.492
2152.206
2150.920
2149.635
2148.349
2147.063
2145.778
2144.492
2143.206
2141.921
2140.635
2139.349
2138.064
2136.778
2135.492
2134.207
2132.921
2131.635
2130.350
2129.064
2127.778
2126.493
2125.207
2123.921
2122.636
2121.350
2120.064
2118.779
2117.493
2116.207
2114.922
2113.636
2112.350
2111.065
2109.779
2108.493
2107.208
2105.922
2104.636
2103.351
2102.065
2100.779
2099.494
2098.208
2096.922
2095.637
2094.351
2093.065
2091.780
2090.494
2089.208
2087.923
2086.637
2085.351
2084.066
2082.780
2081.494
2080.209
2078.923
2077.637
2076.352
2075.066
2073.780
2072.495
2071.209
2069.923
2068.638
2067.352
2066.066
2064.781
2063.495
2062.209
2060.924
2059.638
2058.352
2057.067
2055.781
2054.495
2053.210
2051.924
2050.638
2049.353
2048.067
2046.781
2045.496
2044.210
2042.924
2041.639
2040.353
2039.067
2037.782
2036.496
2035.210
2033.925
2032.639
2031.353
2030.068
2028.782
2027.496
2026.211
2024.925
2023.639
2022.354
2021.068
2019.782
2018.497
2017.211
2015.925
2014.640
2013.354
2012.068
2010.783
2009.497
2008.211
2006.926
2005.640
2004.354
2003.069
2001.783
2000.497
1999.212
1997.926
1996.640
1995.355
1994.069
1992.783
1991.498
1990.212
1988.926
1987.641
1986.355
1985.069
1983.784
1982.498
1981.212
1979.927
1978.641
1977.355
1976.070
1974.784
1973.498
1972.213
1970.927
1969.641
1968.356
1967.070
1965.784
1964.499
1963.213
1961.927
1960.642
1959.356
1958.070
1956.785
1955.499
1954.213
1952.928
1951.642
1950.356
1949.071
1947.785
1946.499
1945.214
1943.928
1942.642
1941.357
1940.071
1938.785
1937.500
1936.214
1934.928
1933.643
1932.357
1931.071
1929.786
1928.500
1927.214
1925.929
1924.643
1923.357
1922.072
1920.786
1919.500
1918.215
1916.929
1915.643
1914.358
1913.072
1911.786
1910.501
1909.215
1907.929
1906.644
1905.358
1904.072
1902.787
1901.501
1900.215
1898.930
1897.644
1896.358
1895.073
1893.787
1892.501
1891.216
1889.930
1888.644
1887.359
1886.073
1884.787
1883.502
1882.216
1880.930
1879.645
1878.359
1877.073
1875.788
1874.502
1873.216
1871.931
1870.645
1869.359
1868.074
1866.788
1865.502
1864.217
1862.931
1861.645
1860.360
1859.074
1857.788
1856.503
1855.217
1853.931
1852.646
1851.360
1850.074
1848.789
1847.503
1846.217
1844.932
1843.646
1842.360
1841.075
1839.789
1838.503
1837.218
1835.932
1834.646
1833.361
1832.075
1830.789
1829.504
1828.218
1826.932
1825.647
1824.361
1823.075
1821.790
1820.504
1819.218
1817.933
1816.647
1815.361
1814.076
1812.790
1811.504
1810.219
1808.933
1807.647
1806.362
1805.076
1803.790
1802.505
1801.219
1799.933
1798.648
1797.362
1796.076
1794.791
1793.505
1792.219
1790.934
1789.648
1788.362
1787.077
1785.791
1784.505
1783.220
1781.934
1780.648
1779.363
1778.077
1776.791
1775.506
1774.220
1772.934
1771.649
1770.363
1769.077
1767.792
1766.506
1765.220
1763.935
1762.649
1761.363
1760.078
1758.792
1757.506
1756.221
1754.935
1753.649
1752.364
1751.078
1749.792
1748.507
1747.221
1745.935
1744.650
1743.364
1742.078
1740.793
1739.507
1738.221
1736.936
1735.650
1734.364
1733.079
1731.793
1730.507
1729.222
1727.936
1726.650
1725.365
1724.079
1722.793
1721.508
1720.222
1718.936
1717.651
1716.365
1715.079
1713.794
1712.508
1711.222
1709.937
1708.651
1707.365
1706.080
1704.794
1703.508
1702.223
1700.937
1699.651
1698.366
1697.080
1695.794
1694.509
1693.223
1691.937
1690.652
1689.366
1688.080
1686.795
1685.509
1684.223
1682.938
1681.652
1680.366
1679.081
1677.795
1676.509
1675.224
1673.938
1672.652
1671.367
1670.081
1668.795
1667.510
1666.224
1664.938
1663.653
1662.367
1661.081
1659.796
1658.510
1657.224
1655.939
1654.653
1653.367
1652.082
1650.796
1649.510
1648.225
1646.939
1645.653
1644.368
1643.082
1641.796
1640.511
1639.225
1637.939
1636.654
1635.368
1634.082
1632.797
1631.511
1630.225
1628.940
1627.654
1626.368
1625.083
1623.797
1622.511
1621.226
1619.940
1618.654
1617.369
1616.083
1614.797
1613.512
1612.226
1610.940
1609.655
1608.369
1607.083
1605.798
1604.512
1603.226
1601.941
1600.655
1599.369
1598.084
1596.798
1595.512
1594.227
1592.941
1591.655
1590.370
1589.084
1587.798
1586.513
1585.227
1583.941
1582.656
1581.370
1580.084
1578.799
1577.513
1576.227
1574.942
1573.656
1572.370
1571.085
1569.799
1568.513
1567.228
1565.942
1564.656
1563.371
1562.085
1560.799
1559.514
1558.228
1556.942
1555.657
1554.371
1553.085
1551.800
1550.514
1549.228
1547.943
1546.657
1545.371
1544.086
1542.800
1541.514
1540.229
1538.943
1537.657
1536.372
1535.086
1533.800
1532.515
1531.229
1529.943
1528.658
1527.372
1526.086
1524.801
1523.515
1522.229
1520.944
1519.658
1518.372
1517.087
1515.801
1514.515
1513.230
1511.944
1510.658
1509.373
1508.087
1506.801
1505.516
1504.230
1502.944
1501.659
1500.373
1499.087
1497.802
1496.516
1495.230
1493.945
1492.659
1491.373
1490.088
1488.802
1487.516
1486.231
1484.945
1483.659
1482.374
1481.088
1479.802
1478.517
1477.231
1475.945
1474.660
1473.374
1472.088
1470.803
1469.517
1468.231
1466.946
1465.660
1464.374
1463.089
1461.803
1460.517
1459.232
1457.946
1456.660
1455.375
1454.089
1452.803
1451.518
1450.232
1448.946
1447.661
1446.375
1445.089
1443.804
1442.518
1441.232
1439.947
1438.661
1437.375
1436.090
1434.804
1433.518
1432.233
1430.947
1429.661
1428.376
1427.090
1425.804
1424.519
1423.233
1421.947
1420.662
1419.376
1418.090
1416.805
1415.519
1414.233
1412.948
1411.662
1410.376
1409.091
1407.805
1406.519
1405.234
1403.948
1402.662
1401.377
1400.091
1398.805
1397.520
1396.234
1394.948
1393.663
1392.377
1391.091
1389.806
1388.520
1387.234
1385.949
1384.663
1383.377
1382.092
1380.806
1379.520
1378.235
1376.949
1375.663
1374.378
1373.092
1371.806
1370.521
1369.235
1367.949
1366.664
1365.378
1364.092
1362.807
1361.521
1360.235
1358.950
1357.664
1356.378
1355.093
1353.807
1352.521
1351.236
1349.950
1348.664
1347.379
1346.093
1344.807
1343.522
1342.236
1340.950
1339.665
1338.379
1337.093
1335.808
1334.522
1333.236
1331.951
1330.665
1329.379
1328.094
1326.808
1325.522
1324.237
1322.951
1321.665
1320.380
1319.094
1317.808
1316.523
1315.237
1313.951
1312.666
1311.380
1310.094
1308.809
1307.523
1306.237
1304.952
1303.666
1302.380
1301.095
1299.809
1298.523
1297.238
1295.952
1294.666
1293.381
1292.095
1290.809
1289.524
1288.238
1286.952
1285.667
1284.381
1283.095
1281.810
1280.524
1279.238
1277.953
1276.667
1275.381
1274.096
1272.810
1271.524
1270.239
1268.953
1267.667
1266.382
1265.096
1263.810
1262.525
1261.239
1259.953
1258.668
1257.382
1256.096
1254.811
1253.525
1252.239
1250.954
1249.668
1248.382
1247.097
1245.811
1244.525
1243.240
1241.954
1240.668
1239.383
1238.097
1236.811
1235.526
1234.240
1232.954
1231.669
1230.383
1229.097
1227.812
1226.526
1225.240
1223.955
1222.669
1221.383
1220.098
1218.812
1217.526
1216.241
1214.955
1213.669
1212.384
1211.098
1209.812
1208.527
1207.241
1205.955
1204.670
1203.384
1202.098
1200.813
1199.527
1198.241
1196.956
1195.670
1194.384
1193.099
1191.813
1190.527
1189.242
1187.956
1186.670
1185.385
1184.099
1182.813
1181.528
1180.242
1178.956
1177.671
1176.385
1175.099
1173.814
1172.528
1171.242
1169.957
1168.671
1167.385
1166.100
1164.814
1163.528
1162.243
1160.957
1159.671
1158.386
1157.100
1155.814
1154.529
1153.243
1151.957
1150.672
1149.386
1148.100
1146.815
1145.529
1144.243
1142.958
1141.672
1140.386
1139.101
1137.815
1136.529
1135.244
1133.958
1132.672
1131.387
1130.101
1128.815
1127.530
1126.244
1124.958
1123.673
1122.387
1121.101
1119.816
1118.530
1117.244
1115.959
1114.673
1113.387
1112.102
1110.816
1109.530
1108.245
1106.959
1105.673
1104.388
1103.102
1101.816
1100.531
1099.245
1097.959
1096.674
1095.388
1094.102
1092.817
1091.531
1090.245
1088.960
1087.674
1086.388
1085.103
1083.817
1082.531
1081.246
1079.960
1078.674
1077.389
1076.103
1074.817
1073.532
1072.246
1070.960
1069.675
1068.389
1067.103
1065.818
1064.532
1063.246
1061.961
1060.675
1059.389
1058.104
1056.818
1055.532
1054.247
1052.961
1051.675
1050.390
1049.104
1047.818
1046.533
1045.247
1043.961
1042.676
1041.390
1040.104
1038.819
1037.533
1036.247
1034.962
1033.676
1032.390
1031.105
1029.819
1028.533
1027.248
1025.962
1024.676
1023.391
1022.105
1020.819
1019.534
1018.248
1016.962
1015.677
1014.391
1013.105
1011.820
1010.534
1009.248
1007.963
1006.677
1005.391
1004.106
1002.820
1001.534
1000.249
998.963
997.677
996.392
995.106
993.820
992.535
991.249
989.963
988.678
987.392
986.106
984.821
983.535
982.249
980.964
979.678
978.392
977.107
975.821
974.535
973.250
971.964
970.678
969.393
968.107
966.821
965.536
964.250
962.964
961.679
960.393
959.107
957.822
956.536
955.250
953.965
952.679
951.393
950.108
948.822
947.536
946.251
944.965
943.679
942.394
941.108
939.822
938.537
937.251
935.965
934.680
933.394
932.108
930.823
929.537
928.251
926.966
925.680
924.394
923.109
921.823
920.537
919.252
917.966
916.680
915.395
914.109
912.823
911.538
910.252
908.966
907.681
906.395
905.109
903.824
902.538
901.252
899.967
898.681
897.395
896.110
894.824
893.538
892.253
890.967
889.681
888.396
887.110
885.824
884.539
883.253
881.967
880.682
879.396
878.110
876.825
875.539
874.253
872.968
871.682
870.396
869.111
867.825
866.539
865.254
863.968
862.682
861.397
860.111
858.825
857.540
856.254
854.968
853.683
852.397
851.111
849.826
848.540
847.254
845.969
844.683
843.397
842.112
840.826
839.540
838.255
836.969
835.683
834.398
833.112
831.826
830.541
829.255
827.969
826.684
825.398
824.112
822.827
821.541
820.255
818.970
817.684
816.398
815.113
813.827
812.541
811.256
809.970
808.684
807.399
806.113
804.827
803.542
802.256
800.970
799.685
798.399
797.113
795.828
794.542
793.256
791.971
790.685
789.399
788.114
786.828
785.542
784.257
782.971
781.685
780.400
779.114
777.828
776.543
775.257
773.971
772.686
771.400
770.114
768.829
767.543
766.257
764.972
763.686
762.400
761.115
759.829
758.543
757.258
755.972
754.686
753.401
752.115
750.829
749.544
748.258
746.972
745.687
744.401
743.115
741.830
740.544
739.258
737.973
736.687
735.401
734.116
732.830
731.544
730.259
728.973
727.687
726.402
725.116
723.830
722.545
721.259
719.973
718.688
717.402
716.116
714.831
713.545
712.259
710.974
709.688
708.402
707.117
705.831
704.545
703.260
701.974
700.688
699.403
698.117
696.831
695.546
694.260
692.974
691.689
690.403
689.117
687.832
686.546
685.260
683.975
682.689
681.403
680.118
678.832
677.546
676.261
674.975
673.689
672.404
671.118
669.832
668.547
667.261
665.975
664.690
663.404
662.118
660.833
659.547
658.261
656.976
655.690
654.404
653.119
651.833
650.547
649.262
647.976
646.690
645.405
644.119
642.833
641.548
640.262
638.976
637.691
636.405
635.119
633.834
632.548
631.262
629.977
628.691
627.405
626.120
624.834
623.548
622.263
620.977
619.691
618.406
617.120
615.834
614.549
613.263
611.977
610.692
609.406
608.120
606.835
605.549
604.263
602.978
601.692
600.406
599.121
597.835
596.549
595.264
593.978
592.692
591.407
590.121
588.835
587.550
586.264
584.978
583.693
582.407
581.121
579.836
578.550
577.264
575.979
574.693
573.407
572.122
570.836
569.550
568.265
566.979
565.693
564.408
563.122
561.836
560.551
559.265
557.979
556.694
555.408
554.122
552.837
551.551
550.265
548.980
547.694
546.408
545.123
543.837
542.551
541.266
539.980
538.694
537.409
536.123
534.837
533.552
532.266
530.980
529.695
528.409
527.123
525.838
524.552
523.266
521.981
520.695
519.409
518.124
516.838
515.552
514.267
512.981
511.695
510.410
509.124
507.838
506.553
505.267
503.981
502.696
501.410
500.124
498.839
497.553
496.267
494.982
493.696
492.410
491.125
489.839
488.553
487.268
485.982
484.696
483.411
482.125
480.839
479.554
478.268
476.982
475.697
474.411
473.125
471.840
470.554
469.268
467.983
466.697
465.411
464.126
462.840
461.554
460.269
458.983
457.697
456.412
455.126
453.840
452.555
451.269
449.983
448.698
447.412
446.126
444.841
443.555
442.269
440.984
439.698
438.412
437.127
435.841
434.555
433.270
431.984
430.698
429.413
428.127
426.841
425.556
424.270
422.984
421.699
420.413
419.127
